1.24
1.4375
1.5275
1.37
1.49
1.4275
1.4325
1.445
1.4025
1.4
1.295
1.44
1.445
1.415
1.445
1.4625
1.425
1.4375
1.4575
1.39
1.415
1.465
1.7325
1.47
1.415
1.225
1.4275
1.4875
1.38
1.525
1.3625
1.4375
1.43
1.425
1.5075
1.345
1.47
1.4075
1.47
1.4025
1.4425
1.46
1.035
1.05
1.4025
1.1575
1.425
1.4175
1.445
1.38
1.3575
1.42
1.4275
1.4575
1.3275
1.355
1.3875
1.4325
1.33
1.3525
1.42
1.47
1.43
1.2325
1.34
1.4325
1.4775
1.3275
1.48
1.2475
1.4575
1.3375
1.4375
1.4175
1.4475
1.3275
1.3625
1.4125
1.4325
1.4625
1.245
1.3325
1.345
1.4275
1.455
1.345
1.3625
1.4075
1.4525
1.34
1.445
1.4525
1.4325
1.3575
1.3375
1.37
1.2325
1.37
1.4275
1.465